;------------------------------------------------------------ 
; A3A8 compression tables
;------------------------------------------------------------ 
		org	0x0400
A3A8_T1
	dt         D'19', D'11', D'80',D'114', D'43',  D'1', D'69', D'94', D'39', D'18',D'127',D'117', D'97',  D'3', D'85', D'43'
	dt         D'27',D'124', D'70', D'83', D'47', D'71', D'63', D'10', D'47', D'89', D'79',  D'4', D'14', D'59', D'11',  D'5'
	dt         D'35',D'107',D'103', D'68', D'21', D'86', D'36', D'91', D'85',D'126', D'32', D'50',D'109', D'94',D'120',  D'6'
	dt         D'53', D'79', D'28', D'45', D'99', D'95', D'41', D'34', D'88', D'68', D'93', D'55',D'110',D'125',D'105', D'20'
	dt         D'90', D'80', D'76', D'96', D'23', D'60', D'89', D'64',D'121', D'56', D'14', D'74',D'101',  D'8', D'19', D'78'
	dt         D'76', D'66',D'104', D'46',D'111', D'50', D'32',  D'3', D'39',  D'0', D'58', D'25', D'92', D'22', D'18', D'51'
	dt         D'57', D'65',D'119',D'116', D'22',D'109',  D'7', D'86', D'59', D'93', D'62',D'110', D'78', D'99', D'77', D'67'
	dt         D'12',D'113', D'87', D'98',D'102',  D'5', D'88', D'33', D'38', D'56', D'23',  D'8', D'75', D'45', D'13', D'75'
	dt         D'95', D'63', D'28', D'49',D'123',D'120', D'20',D'112', D'44', D'30', D'15', D'98',D'106',  D'2',D'103', D'29'
	dt         D'82',D'107', D'42',D'124', D'24', D'30', D'41', D'16',D'108',D'100',D'117', D'40', D'73', D'40',  D'7',D'114'
	dt         D'82',D'115', D'36',D'112', D'12',D'102',D'100', D'84', D'92', D'48', D'72', D'97',  D'9', D'54', D'55', D'74'
	dt        D'113',D'123', D'17', D'26', D'53', D'58',  D'4',  D'9', D'69',D'122', D'21',D'118', D'42', D'60', D'27', D'73'
	dt        D'118',D'125', D'34', D'15', D'65',D'115', D'84', D'64', D'62', D'81', D'70',  D'1', D'24',D'111',D'121', D'83'
	dt        D'104', D'81', D'49',D'127', D'48',D'105', D'31', D'10',  D'6', D'91', D'87', D'37', D'16', D'54',D'116',D'126'
	dt         D'31', D'38', D'13',  D'0', D'72',D'106', D'77', D'61', D'26', D'67', D'46', D'29', D'96', D'37', D'61', D'52'
	dt        D'101', D'17', D'44',D'108', D'71', D'52', D'66', D'57', D'33', D'51', D'25', D'90',  D'2',D'119',D'122', D'35'

		org	0x0500
A3A8_T2
	dt         D'52', D'50', D'44',  D'6', D'21', D'49', D'41', D'59', D'39', D'51', D'25', D'32', D'51', D'47', D'52', D'43'
	dt         D'37',  D'4', D'40', D'34', D'61', D'12', D'28',  D'4', D'58', D'23',  D'8', D'15', D'12', D'22',  D'9', D'18'
	dt         D'55', D'10', D'33', D'35', D'50',  D'1', D'43',  D'3', D'57', D'13', D'62', D'14',  D'7', D'42', D'44', D'59'
	dt         D'62', D'57', D'27',  D'6',  D'8', D'31', D'26', D'54', D'41', D'22', D'45', D'20', D'39',  D'3', D'16', D'56'
	dt         D'48',  D'2', D'21', D'28', D'36', D'42', D'60', D'33', D'34', D'18',  D'0', D'11', D'24', D'10', D'17', D'61'
	dt         D'29', D'14', D'45', D'26', D'55', D'46', D'11', D'17', D'54', D'46',  D'9', D'24', D'30', D'60', D'32',  D'0'
	dt         D'20', D'38',  D'2', D'30', D'58', D'35',  D'1', D'16', D'56', D'40', D'23', D'48', D'13', D'19', D'19', D'27'
	dt         D'31', D'53', D'47', D'38', D'63', D'15', D'49',  D'5', D'37', D'53', D'25', D'36', D'63', D'29',  D'5',  D'7'
A3A8_T3
	dt          D'1',  D'5', D'29',  D'6', D'25',  D'1', D'18', D'23', D'17', D'19',  D'0',  D'9', D'24', D'25',  D'6', D'31'
	dt         D'28', D'20', D'24', D'30',  D'4', D'27',  D'3', D'13', D'15', D'16', D'14', D'18',  D'4',  D'3',  D'8',  D'9'
	dt         D'20',  D'0', D'12', D'26', D'21',  D'8', D'28',  D'2', D'29',  D'2', D'15',  D'7', D'11', D'22', D'14', D'10'
	dt         D'17', D'21', D'12', D'30', D'26', D'27', D'16', D'31', D'11',  D'7', D'13', D'23', D'10',  D'5', D'22', D'19'
A3A8_T4
	dt         D'15', D'12', D'10',  D'4',  D'1', D'14', D'11',  D'7',  D'5',  D'0', D'14',  D'7',  D'1',  D'2', D'13',  D'8'
	dt         D'10',  D'3',  D'4',  D'9',  D'6',  D'0',  D'3',  D'2',  D'5',  D'6',  D'8',  D'9', D'11', D'13', D'15', D'12'
	dt         "(C) 2001-2003 Vlastimil Pavicek", 0x00

		org	0x0600
A3A8_T0_P1
	dt        D'102',D'177',D'186',D'162',  D'2',D'156',D'112', D'75', D'55', D'25',  D'8', D'12',D'251',D'193',D'246',D'188'
	dt        D'109',D'213',D'151', D'53', D'42', D'79',D'191',D'115',D'233',D'242',D'164',D'223',D'209',D'148',D'108',D'161'
	dt        D'252', D'37',D'244', D'47', D'64',D'211',  D'6',D'237',D'185',D'160',D'139',D'113', D'76',D'138', D'59', D'70'
	dt         D'67', D'26', D'13',D'157', D'63',D'179',D'221', D'30',D'214', D'36',D'166', D'69',D'152',D'124',D'207',D'116'
	dt        D'247',D'194', D'41', D'84', D'71',  D'1', D'49', D'14', D'95', D'35',D'169', D'21', D'96', D'78',D'215',D'225'
	dt        D'182',D'243', D'28', D'92',D'201',D'118',  D'4', D'74',D'248',D'128', D'17', D'11',D'146',D'132',D'245', D'48'
	dt        D'149', D'90',D'120', D'39', D'87',D'230',D'106',D'232',D'175', D'19',D'126',D'190',D'202',D'141',D'137',D'176'
	dt        D'250', D'27',D'101', D'40',D'219',D'227', D'58', D'20', D'51',D'178', D'98',D'216',D'140', D'22', D'32',D'121'
	dt         D'61',D'103',D'203', D'72', D'29',D'110', D'85',D'212',D'180',D'204',D'150',D'183', D'15', D'66',D'172',D'196'
	dt         D'56',D'197',D'158',  D'0',D'100', D'45',D'153',  D'7',D'144',D'222',D'163',D'167', D'60',D'135',D'210',D'231'
	dt        D'174',D'165', D'38',D'249',D'224', D'34',D'220',D'229',D'217',D'208',D'241', D'68',D'206',D'189',D'125',D'255'
	dt        D'239', D'54',D'168', D'89',D'123',D'122', D'73',D'145',D'117',D'234',D'143', D'99',D'129',D'200',D'192', D'82'
	dt        D'104',D'170',D'136',D'235', D'93', D'81',D'205',D'173',D'236', D'94',D'105', D'52', D'46',D'228',D'198',  D'5'
	dt         D'57',D'254', D'97',D'155',D'142',D'133',D'199',D'171',D'187', D'50', D'65',D'181',D'127',D'107',D'147',D'226'
	dt        D'184',D'218',D'131', D'33', D'77', D'86', D'31', D'44', D'88', D'62',D'238', D'18', D'24', D'43',D'154', D'23'
	dt         D'80',D'159',D'134',D'111',  D'9',D'114',  D'3', D'91', D'16',D'130', D'83', D'10',D'195',D'240',D'253',D'119'

		org	0x0700
A3A8_T0_P2
	dt        D'177',D'102',D'162',D'186',D'156',  D'2', D'75',D'112', D'25', D'55', D'12',  D'8',D'193',D'251',D'188',D'246'
	dt        D'213',D'109', D'53',D'151', D'79', D'42',D'115',D'191',D'242',D'233',D'223',D'164',D'148',D'209',D'161',D'108'
	dt         D'37',D'252', D'47',D'244',D'211', D'64',D'237',  D'6',D'160',D'185',D'113',D'139',D'138', D'76', D'70', D'59'
	dt         D'26', D'67',D'157', D'13',D'179', D'63', D'30',D'221', D'36',D'214', D'69',D'166',D'124',D'152',D'116',D'207'
	dt        D'194',D'247', D'84', D'41',  D'1', D'71', D'14', D'49', D'35', D'95', D'21',D'169', D'78', D'96',D'225',D'215'
	dt        D'243',D'182', D'92', D'28',D'118',D'201', D'74',  D'4',D'128',D'248', D'11', D'17',D'132',D'146', D'48',D'245'
	dt         D'90',D'149', D'39',D'120',D'230', D'87',D'232',D'106', D'19',D'175',D'190',D'126',D'141',D'202',D'176',D'137'
	dt         D'27',D'250', D'40',D'101',D'227',D'219', D'20', D'58',D'178', D'51',D'216', D'98', D'22',D'140',D'121', D'32'
	dt        D'103', D'61', D'72',D'203',D'110', D'29',D'212', D'85',D'204',D'180',D'183',D'150', D'66', D'15',D'196',D'172'
	dt        D'197', D'56',  D'0',D'158', D'45',D'100',  D'7',D'153',D'222',D'144',D'167',D'163',D'135', D'60',D'231',D'210'
	dt        D'165',D'174',D'249', D'38', D'34',D'224',D'229',D'220',D'208',D'217', D'68',D'241',D'189',D'206',D'255',D'125'
	dt         D'54',D'239', D'89',D'168',D'122',D'123',D'145', D'73',D'234',D'117', D'99',D'143',D'200',D'129', D'82',D'192'
	dt        D'170',D'104',D'235',D'136', D'81', D'93',D'173',D'205', D'94',D'236', D'52',D'105',D'228', D'46',  D'5',D'198'
	dt        D'254', D'57',D'155', D'97',D'133',D'142',D'171',D'199', D'50',D'187',D'181', D'65',D'107',D'127',D'226',D'147'
	dt        D'218',D'184', D'33',D'131', D'86', D'77', D'44', D'31', D'62', D'88', D'18',D'238', D'43', D'24', D'23',D'154'
	dt        D'159', D'80',D'111',D'134',D'114',  D'9', D'91',  D'3',D'130', D'16', D'10', D'83',D'240',D'195',D'119',D'253'
